PySAT solutions:

Testing solver
[1, -2, 3, -4, 5, -6, 7, -8, -9]
[1, -2, 3, -4, 5, 6, 7, -8, -9]
[1, -2, 3, -4, 5, 6, 7, 8, -9]
[1, -2, 3, -4, -5, 6, 7, 8, -9]
[1, -2, -3, -4, -5, 6, 7, 8, -9]
[1, 2, -3, -4, -5, 6, 7, 8, -9]
[1, 2, -3, -4, -5, 6, -7, 8, -9]
[1, 2, -3, -4, -5, 6, -7, 8, 9]
[1, 2, -3, 4, -5, 6, -7, 8, 9]
[1, -2, -3, 4, -5, 6, -7, 8, 9]
[1, -2, -3, 4, -5, 6, -7, 8, -9]
[1, 2, -3, 4, -5, 6, -7, 8, -9]
[1, 2, -3, 4, -5, -6, -7, 8, 9]
[1, -2, -3, 4, -5, -6, -7, 8, 9]
[1, -2, -3, -4, -5, 6, -7, 8, 9]
[1, -2, -3, -4, -5, 6, -7, 8, -9]
[1, -2, 3, -4, -5, 6, -7, 8, -9]
[1, -2, 3, 4, -5, 6, -7, 8, -9]
[1, -2, 3, 4, -5, -6, -7, 8, -9]
[1, -2, 3, -4, 5, -6, -7, 8, -9]
[1, -2, 3, 4, 5, -6, -7, 8, -9]
[1, -2, 3, -4, 5, 6, -7, 8, -9]
[1, -2, 3, 4, -5, -6, -7, 8, 9]
[1, -2, 3, -4, 5, -6, 7, 8, -9]
[1, -2, -3, -4, 5, 6, 7, 8, -9]
[1, -2, -3, -4, 5, 6, -7, 8, -9]
[1, -2, -3, -4, 5, 6, 7, -8, -9]
[1, 2, -3, -4, 5, 6, 7, -8, -9]
[1, 2, -3, -4, -5, 6, 7, -8, -9]
[1, 2, -3, -4, -5, 6, 7, -8, 9]
[1, 2, -3, -4, -5, 6, -7, -8, 9]
[1, 2, -3, 4, -5, 6, -7, -8, 9]
[1, 2, -3, 4, -5, -6, -7, -8, 9]
solution count: 33



Just combining chunk 0 and chunk 1:

(1, -2, -3, 4, -5, -6, 7, 8, -9), 
(1, -2, 3, 4, 5, -6, -7, -8, 9), 
(1, 2, -3, 4, 5, -6, -7, 8, -9), 
(1, -2, -3, -4, 5, 6, 7, 8, -9), 
(1, -2, -3, 4, 5, -6, -7, 8, -9), 
(1, -2, 3, 4, -5, -6, -7, 8, 9), (1, 2, -3, 4, -5, -6, 7, 8, -9), (1, -2, 3, -4, 5, 6, -7, 8, -9), (1, -2, -3, 4, -5, 6, -7, 8, -9), (1, -2, -3, 4, 5, -6, -7, 8, 9), (1, 2, -3, -4, -5, 6, -7, 8, -9), (1, -2, 3, -4, 5, 6, -7, 8, 9), (1, 2, -3, -4, -5, 6, -7, 8, 9), (1, 2, -3, 4, -5, 6, -7, 8, 9), (1, -2, -3, -4, 5, 6, -7, -8, 9), (1, -2, -3, -4, 5, -6, 7, -8, -9), (1, 2, -3, 4, -5, 6, -7, -8, 9), (1, -2, 3, -4, -5, 6, 7, -8, 9), (1, -2, 3, 4, -5, 6, -7, -8, 9), (1, -2, 3, 4, -5, -6, 7, -8, -9), (1, -2, -3, -4, 5, -6, 7, -8, 9), (1, -2, 3, 4, -5, -6, 7, -8, 9), (1, -2, -3, 4, -5, -6, -7, -8, 9), (1, 2, -3, -4, -5, 6, 7, -8, -9), (1, 2, -3, 4, -5, 6, 7, -8, -9), (1, 2, -3, -4, 5, 6, -7, -8, 9), (1, 2, -3, 4, -5, 6, 7, -8, 9), (1, -2, -3, -4, -5, 6, -7, 8, -9), (1, -2, 3, -4, 5, -6, -7, 8, 9), (1, -2, 3, -4, 5, 6, 7, -8, -9), (1, -2, 3, 4, 5, -6, 7, -8, 9), (1, -2, -3, -4, -5, 6, -7, 8, 9), (1, -2, 3, -4, 5, 6, 7, -8, 9), (1, -2, -3, -4, 5, -6, -7, -8, 9), (1, -2, -3, 4, 5, -6, 7, 8, -9), (1, -2, -3, 4, -5, 6, 7, 8, -9), (1, -2, 3, 4, -5, 6, 7, -8, -9), (1, -2, 3, -4, -5, 6, 7, 8, -9), (1, -2, 3, 4, -5, 6, 7, -8, 9), (1, -2, -3, 4, -5, -6, 7, -8, -9), (1, -2, -3, 4, -5, -6, 7, -8, 9), (1, 2, -3, 4, 5, -6, -7, 8, 9), (1, -2, 3, -4, -5, 6, -7, -8, 9), (1, 2, -3, -4, 5, 6, -7, 8, -9), (1, 2, -3, -4, 5, -6, -7, 8, -9), (1, -2, -3, -4, -5, 6, 7, -8, -9), (1, -2, -3, 4, -5, 6, -7, 8, 9), (1, 2, -3, -4, 5, -6, -7, 8, 9), (1, 2, -3, -4, 5, 6, 7, -8, -9), (1, -2, 3, 4, 5, -6, 7, 8, -9), (1, -2, -3, -4, -5, 6, 7, -8, 9), (1, -2, 3, -4, 5, -6, 7, 8, -9), (1, -2, -3, -4, 5, -6, -7, 8, -9), (1, -2, -3, 4, 5, -6, -7, -8, 9), (1, 2, -3, 4, -5, -6, 7, -8, -9), (1, 2, -3, 4, 5, -6, 7, -8, -9), (1, 2, -3, 4, 5, -6, 7, -8, 9), (1, -2, 3, 4, -5, 6, 7, 8, -9), (1, 2, -3, -4, -5, 6, 7, -8, 9), (1, -2, 3, 4, 5, -6, -7, 8, -9), (1, 2, -3, -4, 5, -6, 7, -8, -9), (1, -2, 3, 4, 5, -6, -7, 8, 9), (1, 2, -3, -4, 5, -6, 7, -8, 9), (1, -2, -3, -4, -5, 6, -7, -8, 9), (1, 2, -3, 4, -5, -6, -7, -8, 9), (1, -2, -3, -4, 5, 6, -7, 8, -9), (1, -2, 3, 4, -5, 6, -7, 8, -9), (1, -2, -3, -4, 5, 6, -7, 8, 9), (1, -2, -3, -4, 5, -6, 7, 8, -9), (1, -2, 3, -4, 5, -6, -7, -8, 9), (1, -2, 3, 4, -5, 6, -7, 8, 9), (1, -2, 3, 4, -5, -6, 7, 8, -9), (1, -2, -3, 4, -5, -6, -7, 8, -9), (1, -2, -3, 4, -5, -6, -7, 8, 9), (1, 2, -3, -4, -5, 6, 7, 8, -9), (1, 2, -3, 4, -5, 6, 7, 8, -9), (1, -2, -3, -4, 5, 6, 7, -8, -9), (1, -2, 3, 4, -5, -6, -7, -8, 9), (1, 2, -3, -4, 5, 6, -7, 8, 9), (1, 2, -3, -4, 5, 6, 7, -8, 9), (1, 2, -3, -4, -5, 6, -7, -8, 9), (1, -2, -3, -4, 5, -6, -7, 8, 9), (1, 2, -3, 4, -5, -6, 7, -8, 9), (1, -2, 3, -4, 5, 6, -7, -8, 9), (1, -2, 3, -4, -5, 6, -7, 8, -9), (1, -2, 3, -4, -5, 6, -7, 8, 9), (1, -2, 3, 4, -5, -6, -7, 8, -9), (1, -2, -3, -4, -5, 6, 7, 8, -9), (1, -2, -3, 4, 5, -6, 7, -8, -9), (1, 2, -3, -4, 5, 6, 7, 8, -9), (1, -2, -3, 4, -5, 6, 7, -8, -9), (1, -2, -3, 4, 5, -6, 7, -8, 9), (1, 2, -3, 4, -5, 6, -7, 8, -9), (1, -2, -3, 4, -5, 6, 7, -8, 9), (1, 2, -3, 4, 5, -6, 7, 8, -9), (1, -2, 3, -4, -5, 6, 7, -8, -9), (1, 2, -3, 4, 5, -6, -7, -8, 9), (1, -2, -3, -4, 5, 6, 7, -8, 9), (1, 2, -3, -4, 5, -6, 7, 8, -9), (1, -2, 3, -4, 5, -6, -7, 8, -9), (1, -2, -3, 4, -5, 6, -7, -8, 9), (1, -2, 3, -4, 5, 6, 7, 8, -9), (1, 2, -3, 4, -5, -6, -7, 8, -9), (1, -2, 3, 4, 5, -6, 7, -8, -9), (1, 2, -3, 4, -5, -6, -7, 8, 9), (1, 2, -3, -4, 5, -6, -7, -8, 9), (1, -2, 3, -4, 5, -6, 7, -8, -9), (1, -2, 3, -4, 5, -6, 7, -8, 9)